0 0.36291666666666667 0.679375 0.0335 0.03375
0 0.25708333333333333 0.44875 0.0375 0.029
0 0.2663333333333333 0.391375 0.044333333333333336 0.03025
0 0.4116666666666667 0.29025 0.023333333333333334 0.039
0 0.4815833333333333 0.090125 0.026833333333333334 0.04275
0 0.55525 0.51575 0.017833333333333333 0.04
0 0.5435833333333333 0.53375 0.021166666666666667 0.0375
0 0.5095 0.609625 0.018 0.03675
0 0.5359166666666667 0.63675 0.012166666666666666 0.016
0 0.6350833333333333 0.71175 0.033166666666666664 0.0475
0 0.34808333333333336 0.937375 0.0365 0.04725
0 0.352 0.971 0.036 0.058