0 0.3749166666666667 0.296375 0.03983333333333333 0.03325
0 0.37083333333333335 0.32675 0.029666666666666668 0.0365
0 0.38575 0.344875 0.0235 0.05125
0 0.36341666666666667 0.230125 0.021166666666666667 0.03275
0 0.31483333333333335 0.266375 0.034333333333333334 0.05175
0 0.31225 0.32575 0.042166666666666665 0.039
0 0.20508333333333334 0.313625 0.0385 0.03825
0 0.21433333333333332 0.2285 0.043666666666666666 0.0395
0 0.17216666666666666 0.233625 0.04466666666666667 0.05225
0 0.30325 0.95625 0.03816666666666667 0.056
0 0.3179166666666667 0.96725 0.0405 0.054