0 0.5325 0.699 0.026 0.029
0 0.5309166666666667 0.64825 0.0215 0.027
0 0.5604166666666667 0.646125 0.030833333333333334 0.03975
0 0.5646666666666667 0.69175 0.02266666666666667 0.047
0 0.6036666666666667 0.65325 0.007666666666666666 0.025
0 0.31175 0.7475 0.0365 0.0295
0 0.3124166666666667 0.5265 0.0265 0.033
0 0.32475 0.217375 0.025166666666666667 0.04225
0 0.345 0.19375 0.025666666666666667 0.042
0 0.32908333333333334 0.193375 0.0185 0.03475
0 0.17033333333333334 0.314125 0.036333333333333336 0.03375