0 0.36183333333333334 0.288375 0.028 0.03975
0 0.39458333333333334 0.421625 0.0265 0.04325
0 0.4945833333333333 0.4715 0.012833333333333334 0.0285
0 0.5078333333333334 0.49725 0.026 0.026
0 0.5693333333333334 0.446125 0.01633333333333333 0.02975
0 0.7846666666666666 0.808875 0.027666666666666666 0.04625
0 0.8015833333333333 0.896625 0.036833333333333336 0.03325
0 0.8163333333333334 0.88375 0.034 0.051
0 0.7308333333333333 0.6365 0.030333333333333334 0.0325
0 0.7295833333333334 0.251875 0.030833333333333334 0.02725
0 0.724 0.2975 0.018 0.029
0 0.7698333333333334 0.3085 0.024333333333333332 0.028