0 0.20441666666666666 0.045875 0.03716666666666667 0.05275
0 0.23866666666666667 0.1855 0.03966666666666667 0.0635
0 0.35641666666666666 0.2865 0.028166666666666666 0.036
0 0.35133333333333333 0.318 0.024333333333333332 0.0355
0 0.4206666666666667 0.27475 0.02 0.0455
0 0.42291666666666666 0.36075 0.03183333333333333 0.0395
0 0.6795 0.7215 0.025 0.0335
0 0.65725 0.7325 0.028166666666666666 0.032
0 0.7143333333333334 0.5475 0.029 0.0325
0 0.36866666666666664 0.88725 0.027333333333333334 0.0485
0 0.605 0.0525 0.03166666666666667 0.0435
0 0.62175 0.152125 0.019833333333333335 0.04825
0 0.6565833333333333 0.120875 0.027166666666666665 0.03425