0 0.45775 0.0045 0.022166666666666668 0.0085
0 0.5225833333333333 0.0545 0.0355 0.1085
0 0.3175 0.171125 0.082 0.09075
0 0.05475 0.168 0.10883333333333334 0.1065
0 0.03766666666666667 0.464875 0.075 0.07175
0 0.11533333333333333 0.739 0.077 0.104
0 0.17425 0.66 0.07816666666666666 0.0795
0 0.2985 0.801 0.07633333333333334 0.0985
0 0.2688333333333333 0.790375 0.07566666666666666 0.09375
0 0.7126666666666667 0.572375 0.057 0.08425
0 0.8744166666666666 0.727125 0.08616666666666667 0.07975
0 0.9049166666666667 0.77725 0.09483333333333334 0.08