0 0.08108333333333333 0.10925 0.0585 0.057
0 0.12791666666666668 0.252 0.0435 0.048
0 0.22241666666666668 0.311375 0.03883333333333333 0.04025
0 0.215 0.345125 0.033666666666666664 0.02925
0 0.291 0.304375 0.030333333333333334 0.03975
0 0.29033333333333333 0.418375 0.051333333333333335 0.03925
0 0.5084166666666666 0.811875 0.023166666666666665 0.03875
0 0.5245833333333333 0.800875 0.023166666666666665 0.04675
0 0.5031666666666667 0.17875 0.021 0.051
0 0.5469166666666667 0.1465 0.022166666666666668 0.0335
0 0.49491666666666667 0.069875 0.0365 0.04325
0 0.6629166666666667 0.604375 0.0295 0.03625