0 0.4960833333333333 0.387375 0.04783333333333333 0.07175
0 0.35891666666666666 0.767375 0.03283333333333333 0.05375
0 0.40058333333333335 0.737875 0.0255 0.06825
0 0.6475 0.666625 0.026 0.03925
0 0.6275833333333334 0.65925 0.043166666666666666 0.078
0 0.6105833333333334 0.492875 0.022833333333333334 0.03775
0 0.5925833333333334 0.45825 0.0255 0.03
0 0.19158333333333333 0.879 0.03816666666666667 0.047
0 0.21366666666666667 0.9135 0.041666666666666664 0.059
0 0.3546666666666667 0.864875 0.03666666666666667 0.08275
0 0.36825 0.868 0.0345 0.0485