0 0.5459166666666667 0.767625 0.0225 0.03175
0 0.5584166666666667 0.782 0.015833333333333335 0.026
0 0.6035 0.649875 0.015 0.02475
0 0.6135 0.60825 0.023666666666666666 0.0195
0 0.7498333333333334 0.588 0.021333333333333333 0.031
0 0.9575 0.69825 0.043 0.0235
0 0.8050833333333334 0.884875 0.03783333333333333 0.03625
0 0.7879166666666667 0.8475 0.030166666666666668 0.0285
0 0.8188333333333333 0.8015 0.029666666666666668 0.0385
0 0.8304166666666667 0.789125 0.027166666666666665 0.04125
0 0.6465 0.95 0.021666666666666667 0.04