0 0.7590833333333333 0.5835 0.015833333333333335 0.0235
0 0.7430833333333333 0.575875 0.0245 0.02175
0 0.8691666666666666 0.074375 0.018666666666666668 0.02475
0 0.823 0.077875 0.03333333333333333 0.05925
0 0.8285833333333333 0.1185 0.0235 0.028
0 0.8051666666666667 0.12625 0.025 0.039
0 0.7978333333333333 0.089125 0.028 0.04775
0 0.6153333333333333 0.145125 0.017333333333333333 0.02825
0 0.6580833333333334 0.124 0.018833333333333334 0.0415
0 0.61825 0.1125 0.020166666666666666 0.037
0 0.5403333333333333 0.31575 0.017 0.028