0 0.30625 0.435 0.024833333333333332 0.037
0 0.32025 0.446375 0.022166666666666668 0.02025
0 0.48241666666666666 0.42 0.015833333333333335 0.0215
0 0.61375 0.4355 0.0245 0.027
0 0.6005833333333334 0.402125 0.021166666666666667 0.02075
0 0.6405833333333333 0.350375 0.0165 0.02425
0 0.6288333333333334 0.359625 0.018666666666666668 0.02475
0 0.72575 0.459125 0.018833333333333334 0.02575
0 0.8061666666666667 0.318875 0.029 0.03275
0 0.49975 0.1115 0.026833333333333334 0.04
0 0.44083333333333335 0.187875 0.024 0.03075
0 0.42633333333333334 0.230375 0.013333333333333334 0.02275