0 0.42675 0.388 0.021833333333333333 0.043
0 0.45208333333333334 0.367 0.018833333333333334 0.0425
0 0.41391666666666665 0.501125 0.0195 0.02775
0 0.4220833333333333 0.534625 0.018166666666666668 0.02925
0 0.5788333333333333 0.747625 0.015333333333333332 0.02775
0 0.5826666666666667 0.774125 0.019 0.02825
0 0.5725 0.8835 0.014666666666666666 0.0345
0 0.5358333333333334 0.895875 0.019 0.03725
0 0.3273333333333333 0.717875 0.022333333333333334 0.02225
0 0.26275 0.62175 0.0295 0.028
0 0.5644166666666667 0.572 0.0245 0.0295