0 0.45425 0.480375 0.0385 0.04225
0 0.3645833333333333 0.3805 0.024166666666666666 0.051
0 0.42791666666666667 0.163875 0.028166666666666666 0.04625
0 0.44725 0.23225 0.0215 0.044
0 0.48033333333333333 0.245 0.02266666666666667 0.0335
0 0.5175833333333333 0.3435 0.04083333333333333 0.049
0 0.568 0.447 0.045 0.058
0 0.60175 0.526 0.0395 0.0535
0 0.5473333333333333 0.67775 0.03833333333333333 0.0325
0 0.7669166666666667 0.88125 0.0325 0.036
0 0.7819166666666667 0.874625 0.026166666666666668 0.04125
0 0.24191666666666667 0.023875 0.0295 0.04725
0 0.47275 0.69425 0.024166666666666666 0.03