0 0.36083333333333334 0.631625 0.04666666666666667 0.04875
0 0.38233333333333336 0.57 0.04566666666666667 0.0435
0 0.49483333333333335 0.548125 0.042666666666666665 0.08075
0 0.43116666666666664 0.735875 0.035 0.08125
0 0.45016666666666666 0.693625 0.034 0.08125
0 0.5539166666666666 0.736 0.0385 0.078
0 0.53475 0.761625 0.024833333333333332 0.05425
0 0.706 0.062375 0.050333333333333334 0.09575
0 0.7679166666666667 0.021875 0.030833333333333334 0.04275
0 0.5955833333333334 0.03525 0.042166666666666665 0.07
0 0.8311666666666667 0.356875 0.07633333333333334 0.10275
0 0.8679166666666667 0.357375 0.03383333333333333 0.04625