0 0.30825 0.038625 0.0535 0.07675
0 0.3934166666666667 0.0575 0.0475 0.1145
0 0.3735833333333333 0.27525 0.0545 0.0725
0 0.6834166666666667 0.3345 0.057833333333333334 0.077
0 0.95 0.29725 0.099 0.093
0 0.9661666666666666 0.323875 0.06266666666666666 0.08125
0 0.04933333333333333 0.538125 0.09833333333333333 0.06275
0 0.146 0.69425 0.07233333333333333 0.0975
0 0.28108333333333335 0.942375 0.0455 0.11475
0 0.29925 0.838625 0.05483333333333333 0.10425
0 0.4161666666666667 0.88475 0.05266666666666667 0.123
0 0.44858333333333333 0.869 0.049166666666666664 0.1215