0 0.3755 0.416 0.029 0.044
0 0.35091666666666665 0.134375 0.026833333333333334 0.05325
0 0.47933333333333333 0.29775 0.025333333333333333 0.061
0 0.5089166666666667 0.335375 0.027833333333333335 0.05325
0 0.54825 0.348125 0.0265 0.03075
0 0.5901666666666666 0.47725 0.049 0.058
0 0.648 0.61 0.05566666666666667 0.069
0 0.6898333333333333 0.714375 0.05466666666666667 0.05875
0 0.5343333333333333 0.912875 0.01633333333333333 0.05225
0 0.5770833333333333 0.97475 0.030166666666666668 0.05
0 0.50375 0.631625 0.0225 0.03975